46,6
46,5
46,4
0,507
46,3
46,2
46,1
46,0
0,506
45,7
0,505
0,504
45,6
45,5
45,4
0,503
45,3
45,2
45,1
45,0
44,7
44,6
44,5
44,4
0,502
44,3
44,2
44,1
44,0
43,3
43,2
43,1
43,0
0,501
0,500
42,4
42,3
42,2
42,1
42,0
41,3
41,2
41,1
41,0
0,499
0,498
0,497
0,496
40,4
40,3
40,2
40,1
40,0
0,495
0,494
39,4
39,3
39,2
39,1
39,0
0,493
0,492
0,491
25,2
25,0
0,490
0,489
0,488
0,487
26,4
0,486
26,2
26,0
26,1
26,3
0,485
0,484
0,483
27,0
0,482
0,481
0,480
0,479
0,478
0,477
0,476
0,475
0,474
24,2
0,473
0,472
0,471
0,243
0,470
0,469
0,468
0,278
0,9
0,467
0,466
0,465
36,7
0,464
0,463
36,6
36,5
36,4
0,462
0,461
0,460
0,459
0,458
0,457
0,456
0,455
0,454
0,453
0,452
0,451
